((("NULL" .
   [1 0 0 0])
  (":help" .
   [1 0 0 0 0])
  ("latex-mode" .
   [1 0 0 0 0 0 0 0 0 0])
  ("nil" .
   [1 0 0])
  ("TeX-run-TeX" .
   [0 0 0 0 0 0 0 1 0 0 0])
  ("TeX-command-list" .
   [0 0 0 0 0 0 1 0 0 0 0 0 0 0 0 0])
  ("n>0}" .
   [1 0 0 0])
  ("1^n" .
   [1 0 0])
  ("{0^n" .
   [1 0 0 0])
  ("0.8" .
   [1 0 0])
  ("0.5" .
   [1 0 0])
  ("e" .
   [1])
  ("puts" .
   [2 0 0 0])
  ("long" .
   [2 0 0 0])
  ("return" .
   [3 0 0 0 0 0])
  ("L3" .
   [2 0])
  ("L2" .
   [2 0])
  ("goto" .
   [2 0 0 0])
  ("10" .
   [3 0])
  ("if" .
   [4 0])
  ("123" .
   [1 0 0])
  ("main" .
   [2 0 0 0])
  ("int" .
   [2 0 0])
  ("alias" .
   [1 0 0 0 0])
  ("1.0" .
   [1 0 0])
  ("setq" .
   [2 0 0 0])
  ("begin" .
   [1 0 0 0 0])
  ("df_nand" .
   [0 0 1 0 0 0 0])
  ("rsff" .
   [1 0 0 0])
  ("is" .
   [2 0])
  ("signal" .
   [0 1 0 0 0 0])
  ("nil-2" .
   [0 0 0 1 0])
  ("t1" .
   [2 0])
  ("t2" .
   [2 0])
  ("let" .
   [3 0 0])
  ("fun" .
   [5 0 0])
  ("else" .
   [9 0 0 0])
  ("in" .
   [2 1])
  ("max" .
   [1 0 0])
  ("height" .
   [1 0 1 0 0 0])
  ("end" .
   [3 0 0])
  ("val" .
   [2 0 0])
  ("Empty" .
   [3 0 4 4 2])
  ("Node" .
   [9 0 0 4])
  ("insert" .
   [0 0 0 0 1 0])
  ("lookup" .
   [2 0 0 0 0 0])
  ("raise" .
   [1 0 0 0 0])
  ("n" .
   [1])
  ("deletemin" .
   [0 0 0 0 0 0 2 0 0])
  ("exception" .
   [1 0 0 0 0 0 0 0 0])
  ("EmptyTree" .
   [1 0 0 0 0 0 0 0 0])
  ("delete" .
   [1 0 0 0 0 1])
  ("add-to-list" .
   [0 0 0 0 0 0 1 0 0 0 1])
  ("wrapper" .
   [0 0 1 0 0 0 0])
  ("background-image" .
   [0 0 0 0 0 0 0 0 0 0 0 0 0 1 0 0])
  ("url" .
   [3 0 0])
  ("r" .
   [1])
  ("NUM_ITEMS" .
   [0 0 0 1 0 0 0 0 0])
  ("exit" .
   [1 0 0 0])
  ("printf" .
   [2 0 0 0 0 0])
  ("count" .
   [1 0 0 0 0])
  ("newa" .
   [1 0 0 0])
  ("double" .
   [1 0 0 0 0 0])
  ("pow" .
   [14 0 0])
  ("p" .
   [7])
  ("while" .
   [2 0 0 0 0])
  ("wantq" .
   [4 0 0 0 0])
  ("wantp" .
   [5 0 0 0 0])
  ("TRUE" .
   [2 0 0 0])
  ("w" .
   [1])
  ("FALSE" .
   [3 0 0 0 0])
  ("sock" .
   [1 0 0 0])))
